362
329
465
605
758
179
261
620
230
333
453
490
768
 61
252
190
245
250
202
172
184
235
694
459
111
367
312
349
279
596
579
740
321
417
575
515
128
 15
 90
687
272
 97
157
 12
467
390
365
220
350
379
104
403
287
129
744
686
593
589
718
351
238
153
560
495
322
409
133
  6
370
182
595
586
762
685
326
561
569
285
323
283
378
724
451
140
627
499
 14
659
 92
304
180
159
 98
331
216
  4
191
139
709
678
731
602
115
227
 45
471
739
590
 29
753
 82
 25
164
742
 49
538
733
492
427
696
573
162
386
630
169
  1
617
316
480
557
152
608
418
479
508
572
629
 87
 85
500
592
278
411
702
626
 64
424
655
297
369
460
391
545
422
512
680
142
523
641
614
520
264
144
437
443
399
 55
675
 68
582
764
482
299
457
209
366
679
719
282
319
232
749
254
276
757
566
163
224
454
 96
663
101
160
504
519
248
387
466
556
 27
 86
725
194
599
752
267
259
 13
714
729
302
324
  9
662
354
559
317
127
192
346
591
747
377
372
113
357
537
  7
469
 75
637
174
568
208
 19
385
746
213
255
260
683
527
609
  2
577
217
176
 20
 21
119
648
269
715
 57
676
716
720
110
533
103
513
151
114
328
767
311
728
631
108
337
178
109
211
 59
534
 65
491
532
413
376
518
167
206
244
 89
 35
118
123
368
 99
691
401
695
334
613
242
292
549
214
580
712
345
708
470
603
660
701
120
727
102
419
414
441
392
112
514
149
623
147
475
336
722
198
754
542
645
175
290
606
168
 84
204
488
231
707
607
 22
421
741
315
633
536
452
219
124
760
353
122
455
262
565
 31
688
430
135
672
 44
266
 83
407
393
706
481
280
233
291
483
195
681
509
343
 70
759
126
335
 47
197
165
229
325
684
450
 69
359
456
704
188
348
143
181
476
563
 48
611
 76
253
185
673
634
 33
511
171
553
526
474
373
200
415
616
 54
394
 56
436
700
464
193
516
432
234
486
 38
507
416
218
601
654
665
 71
166
 46
239
735
 72
 41
649
148
581
225
406
531
 34
196
425
535
156
389
426
 79
187
412
530
539
446
738
458
263
761
 10
698
497
375
268
431
305
737
258
544
564
241
510
256
558
 78
 67
699
270
243
763
161
505
215
 95
300
522
652
647
 28
521
 81
543
651
658
388
364
743
597
363
503
423
222
404
352
496
251
478
548
223
669
 80
765
146
723
420
506
485
745
750
670
246
 23
693
635
587
 66
550
286
661
585
667
 16
643
201
371
170
 91
498
517
358
303
186
462
 43
 74
473
177
296
751
395
295
249
271
624
289
528
576
240
713
277
440
640
 62
571
226
130
 39
293
  8
381
228
734
574
428
433
632
298
546
721
141
664
 52
755
540
710
313
730
677
445
628
468
 17
 93
 94
309
711
355
332
494
274
132
638
342
284
 26
  3
447
116
448
301
438
383
657
265
327
 77
766
610
736
615
339
210
  5
384
644
583
612
205
690
173
656
671
625
306
340
477
273
578
106
 32
288
646
529
361
697
463
397
402
117
136
380
400
449
636
338
442
320
 11
341
410
 63
756
501
396
541
 60
461
692
344
705
598
212
294
525
726
137
308
275
434
138
703
619
134
237
489
588
439
155
158
666
 42
639
429
382
604
567
189
236
551
653
594
570
408
150
356
281
732
203
618
360
347
 51
472
 73
 50
 36
502
444
717
318
493
584
674
668
107
310
314
199
484
562
552
554
487
105
125
689
398
 18
621
145
121
435
555
748
682
330
650
257
374
 24
642
 40
307
183
600
100
 58
 30
405
 88
207
 53
622
247
131
547
221
524
 37
154